115,5
115,4
115,3
115,2
115,1
115,0
114,5
114,4
114,3
114,2
114,1
114,0
113,4
113,3
113,2
113,1
113,0
112,4
112,3
112,2
112,1
112,0
111,3
111,2
111,1
111,0
110,3
110,2
110,1
110,0
109,3
109,2
109,1
109,0
108,3
108,2
108,1
108,0
107,3
107,2
0,373
0,352
107,1
107,0
0,447
106,4
106,3
106,2
106,1
106,0
105,4
105,3
105,2
105,1
105,0
104,3
104,2
0,446
104,1
104,0
0,445
0,444
0,443
0,442
0,441
0,440
103,3
103,2
0,439
103,1
103,0
0,438
0,437
0,436
0,435
0,434
0,433
102,3
102,2
102,1
102,0
80,5
80,2
80,0
77,0
75,2
75,0
0,432
0,431
14,2
14,0
82,4
82,2
82,0
79,0
81,4
81,2
81,0
78,0
0,430
0,429
74,2
74,0
0,428
0,427
0,278
76,2
76,0
0,426
32,4
32,1
32,3
0,425
78,4
78,2
44,1
44,3
0,424
0,423
0,422
0,421
0,420
77,2
77,4
79,2
79,5
79,4
